,variable,TPR,FPR
0,HighriskDiving,0.0,0.0
1,FocalNeuroFindings,0.10714285714285714,0.0
2,Clotheslining,0.42857142857142855,0.0641025641025641
3,GCSbelowThreshold,0.42857142857142855,0.0641025641025641
4,axialloadtop,0.5,0.07692307692307687
5,Torticollis,0.5535714285714286,0.08974358974358976
6,ChildAbuse,0.5714285714285714,0.11538461538461542
7,HighriskMVC,0.5714285714285714,0.11538461538461542
8,AVPUDetails_AVPU_nan,0.7142857142857143,0.28205128205128205
9,ArrPtIntub,0.7678571428571429,0.3589743589743589
10,HighriskHanging,0.7678571428571429,0.3589743589743589
11,Musculoskeletal,0.7678571428571429,0.3589743589743589
12,PainNeck,0.7857142857142857,0.41025641025641024
13,PassRestraint,0.9285714285714286,0.6538461538461539
14,PtCompPainNeckMove,0.9285714285714286,0.6794871794871795
15,PtCompPainNeck,0.9285714285714286,0.6794871794871795
16,PosMidNeckTenderness,0.9285714285714286,0.6794871794871795
17,TenderNeck,0.9464285714285714,0.717948717948718
18,PtTenderNeck,0.9464285714285714,0.7435897435897436
19,SubInj_TorsoTrunk,0.9464285714285714,0.7435897435897436
20,helmet,0.9464285714285714,0.7564102564102564
21,AlteredMentalStatus,0.9821428571428571,0.7692307692307692
22,AVPUDetails_AVPU_P,0.9821428571428571,0.782051282051282
23,AVPUDetails_AVPU_U,0.9821428571428571,0.782051282051282
24,AVPUDetails_AVPU_V,0.9821428571428571,0.782051282051282
25,GCSnot15,0.9821428571428571,0.782051282051282
26,LOC,0.9821428571428571,0.782051282051282
27,HighRiskFallDownStairs,0.9821428571428571,0.8717948717948718
28,SubInj_Head,0.9821428571428571,0.8717948717948718
29,SubInj_Face,0.9821428571428571,0.8974358974358975
30,Assault,0.9821428571428571,0.9230769230769231
31,SubInj_Ext,0.9821428571428571,0.9358974358974359
32,Predisposed,0.9821428571428571,0.9487179487179487
33,Cardiovascular,0.9821428571428571,0.9487179487179487
34,HighriskFall,0.9821428571428571,0.9487179487179487
35,Gastrointestinal,0.9821428571428571,0.9487179487179487
36,HighriskHitByCar,0.9821428571428571,0.9487179487179487
37,PtTenderFace,0.9821428571428571,0.9743589743589743
38,HEENT,0.9821428571428571,0.9743589743589743
39,Respiratory,1.0,0.9871794871794872
40,HighriskOtherMV,1.0,0.9871794871794872
41,AxialLoadAnyDoc,1.0,0.9871794871794872
42,PtCompPainHead,1.0,0.9871794871794872
43,PtTenderHead,1.0,0.9871794871794872
44,Neurological,1.0,0.9871794871794872
45,Medications,1.0,1.0
46,PtCompPainFace,1.0,1.0
47,PtCompPainChest,1.0,1.0
48,PtAmbulatoryPriorArrival,1.0,1.0
49,EMSArrival,1.0,1.0
50,NonAmbulatory,1.0,1.0
51,AVPUDetails_AVPU_A,1.0,1.0
